250,01,45,5360,800,335,0,55.734359,37.525814;250,02,40,87D9,800,25E6,1,55.733645,37.523732;250,02,40,3293,800,2618,0,55.739868,37.536843;250,99,38,2E9B,800,FDC1,1,55.732095,37.527407

250 01 45 5360 878 335 0 55.734359 37.525814
250 02 40 87D9 638 25E6 1 55.733645 37.523732
250 02 40 3293 636 2618 0 55.739868 37.536843
250 99 38 2E9B 535 FDC1 1 55.732095 37.527407

http://mobile.maps.yandex.net/cellid_location/?cellid=5360&operatorid=01&countrycode=250&lac=335

250,01,45,5360,878,335,0;250,02,40,87D9,638,25E6,1;250,02,40,3293,636,2618,0;250,99,38,2E9B,535,FDC1,1;250,02,39,87d8,658,25e6,0;250,99,17,1a13,31,fdc1,0;250,99,26,2ea0,47,fdc1,1;250,01,10,0495,18,0320,0;250,01,34,5362,764,0335,0

250,02,61,1804,825,1e9f,0;250,20,57,9c6,865,4cd7,0;250,01,41,120f,1018,da,0;250,01,33,701d,1020,cc,1;250,01,30,8f4,1019,cc,4

250,02,49,0BB3,800,1e9f,0;250,20,42,5b69,800,4cd7,0;250,20,41,7be,800,4cd7,0;250,99,39,3ef0,800,39be,1;250,02,30,3641,800,1e9f,1